      1 11560656644
      1 12785912190
      1 13041865223
      1 13091779967
      1 13092537443
      1 13112478614
      1 13128922340
      1 13132492216
      1 13136397343
      1 13147486454
      1 13162696250
      1 13194308849
      1 13196434460
      1 13232700507
      1 13237110814
      1 13272306729
      1 13290207224
      1 13309978677
      1 13372756161
      1 13414136011
      1 13474195770
      1 13702378444
      1 13858590610
      1 13964284293
      1 13979311301
      1 13994313999
      1 14076699788
      1 14124632824
      1 14183794982
      1 14185265056
      1 14186015846
      1 14193691978
      1 14216683145
      1 14297065273
      1 14298329690
      1 14312914226
      1 14318306334
      1 14320391014
      1 14343878271
      1 14343883163
      1 14379229888
      1 14487604184
      1 14491158668
      1 14496718301
      1 14512379749
      1 14540977979
      1 14545766991
      1 14560993989
      1 14568330072
      1 14630092839
      1 14696258913
      1 14713875982
      1 14781384389
      1 14830086050
      1 14853611373
      1 14871637797
      1 14879761838
      1 14882282999
      1 14924079377
      1 14968478536
      1 14972729511
      1 14976410296
      1 14984944329
      1 15009925651
      1 15016038110
      1 15028021109
      1 15086683484
      1 15154032018
      1 15189599416
      1 15229740362
      1 15241813234
      1 15246614455
      1 15278342880
      1 15341585961
      1 15352203629
      1 15369340276
      1 15369507690
      1 15386482697
      1 15407811553
      1 15432332029
      1 15442297463
      1 15462292970
      1 15465311559
      1 15466558497
      1 15516289877
      1 15536076569
      1 15575985221
      1 15611081128
      1 15616961991
      1 15619554185
      1 15696896650
      1 15700711838
      1 15702835563
      1 15714891488
      1 15723756281
      1 15727985114
      1 15732885091
      1 15737340175
      1 15745529797
      1 15763933604
      1 15774082895
      1 15774590207
      1 15782173086
      1 15803921669
      1 15805931783
      1 15813610355
      1 15822637982
      1 15842311964
      1 15849917530
      1 15858068815
      1 15858629223
      1 15860351271
      1 15863357197
      1 15871564905
      1 15886817333
      1 15887909242
      1 15889027622
      1 15913006246
      1 15914529889
      1 15916730387
      1 15919447104
      1 15924780196
      1 15951147783
      1 15954461299
      1 15964856227
      1 15968036714
      1 15987184332
      1 15987685455
      1 15988505937
      1 15992580422
      1 15992837433
      1 16001761110
      1 16003548120
      1 16020641511
      1 16021410194
      1 16029272652
      1 16032979665
      1 16039459270
      1 16043315424
      1 16043439240
      1 16048749583
      1 16050125713
      1 16053680857
      1 16058173562
      1 16058617269
      1 16066808373
      1 16079342475
      1 16082397976
      1 16094196982
      1 16100409200
      1 16105795760
      1 16106877363
      1 16142468148
      1 16152091436
      1 16159672087
      1 16161811243
      1 16172734666
      1 16204735340
      1 16212801121
      1 16216228743
      1 16229392878
      1 16233429043
      1 16234829064
      1 16234976380
      1 16242874772
      1 16244178459
      1 16247072458
      1 16248383278
      1 16271902764
      1 16277393496
      1 16288706098
      1 16291499797
      1 16305394453
      1 16312126520
      1 16312152319
      1 16318818983
      1 16366590292
      1 16368236486
      1 16375714386
      1 16422663559
      1 16427118559
      1 16436572481
      1 16443574577
      1 16447508685
      1 16451092151
      1 16454619988
      1 16457390492
      1 16463701671
      1 16466458905
      1 16485752912
      1 16509244266
      1 16529416988
      1 16529671398
      1 16535014348
      1 16536047772
      1 16536953399
      1 16550849689
      1 16551395580
      1 16554266988
      1 16557496414
      1 16558668220
      1 16560193064
      1 16568560610
      1 16571626080
      1 16585644108
      1 16592880212
      1 16595743318
      1 16595837327
      1 16608640276
      1 16610292043
      1 16610907862
      1 16630727468
      1 16630952879
      1 16634785199
      1 16641740774
      1 16642419978
      1 16670615885
      1 16675071189
      1 16678700916
      1 16699067331
      1 16705318465
      1 16726076787
      1 16735982314
      1 16740066766
      1 16740213753
      1 16744228483
      1 16748686432
      1 16768592637
      1 16770156684
      1 16772426394
      1 16785128609
      1 16812882088
      1 16814535380
      1 16825979023
      1 16836448912
      1 16841186081
      1 16868984257
      1 16870799733
      1 16873090096
      1 16912933995
      1 16922150969
      1 16948497645
      1 16949429128
      1 16963940724
      1 16966924034
      1 16983623522
      1 16984474031
      1 16987505940
      1 16991190311
      1 16997466457
      1 17010616817
      1 17054366965
      1 17084117356
      1 17116205328
      1 17123741242
      1 17153901155
      1 17165311453
      1 17165312253
      1 17205867471
      1 17221834448
      1 17223939977
      1 17226749381
      1 17268547807
      1 17290209563
      1 17299696342
      1 17331163844
      1 17361141448
      1 17371231051
      1 17385256800
      1 17429861303
      1 17440522349
      1 17476187611
      1 17479643828
      1 17482031667
      1 17501348246
      1 17503598178
      1 17525862494
      1 17548897540
      1 17568563119
      1 17569899157
      1 17596787856
      1 17608510675
      1 17630412552
      1 17632159778
      1 17643884614
      1 17655242792
      1 17662758919
      1 17664877634
      1 17668405613
      1 17685990142
      1 17742009469
      1 17748206804
      1 17799132533
      1 17804976311
      1 17839773239
      1 17841380186
      1 17843933413
      1 17846117095
      1 17852791420
      1 17867681949
      1 17874719333
      1 17885278845
      1 17893448133
      1 17913620280
      1 17919961740
      2 17925915719
      1 17931917911
      1 17932365398
      1 17943519814
      1 17946362620
      1 17955715527
      1 17969170335
      1 17969204932
      1 18016860361
      1 18045747479
      1 18058783908
      1 18060081438
      1 18092731176
      1 18102680340
      1 18155300753
      1 18188148099
      1 18202460636
      1 18203019729
      1 18203386352
      1 18275305277
      1 18284956218
      1 18308547079
      1 18347636602
      1 18356352690
      1 18362855298
      1 18379859145
      1 18384563509
      1 18409480287
      1 18411408245
      1 18423770783
      1 18429879633
      1 18431388580
      1 18439039999
      1 18470772903
      1 18491226590
      1 18497615833
      1 18526742295
      1 18526873310
      1 18529504092
      1 18544935510
      1 18548454211
      1 18554264798
      1 18569671539
      1 18590679730
      1 18601219755
      1 18604577897
      1 18616422076
      1 18628528310
      1 18631596096
      1 18632113964
      1 18640695503
      1 18640697103
      1 18640697204
      1 18648806425
      1 18651312270
      1 18661494207
      1 18675407515
      1 18676342619
      1 18711299287
      1 18715378303
      1 18738334714
      1 18738453823
      1 18759853755
      1 18760984024
      1 18760985228
      1 18782996760
      1 18785828148
      1 18803197694
      1 18807989747
      1 18818367017
      1 18831540588
     13 18851421390
      1 18864084015
      1 18916345509
      1 18917012992
      1 18917561217
      1 18941909320
      1 18947117418
      1 18971214707
      1 19024860062
      1 19040614746
      1 19047934698
      1 19052349870
      1 19057730082
      1 19066521983
      1 19163499705
      1 19169442302
      1 19172890200
      1 19183793010
      1 19197347316
      1 19199636636
      1 19210774562
      1 19239325994
      1 19252539485
      1 19275303281
      1 19283965020
      1 19301190441
      1 19310045736
      1 19323748589
      1 19337986328
      1 19339893129
      1 19370087889
      1 19376891538
      1 19379632226
      1 19393235905
      1 19420947183
      1 19431160356
      1 19453177395
      1 19505169181
      1 19517935818
      1 19529337612
      1 19530856597
      1 19533795820
      1 19542750698
      1 19545939935
      1 19552055686
      1 19578612027
      1 19606498313
      1 19648036107
      1 19650929112
      1 19653470407
      1 19661054591
      1 19676130410
      1 19680270402
      1 19696986582
      1 19698913161
      1 19770046398
      1 19784566551
      1 19836506116
      1 19861535520
      1 19898852484
      1 19917491533
      1 19947590654
      1 19954996269
      1 19963652844
      1 19971184328
      1 19971235117
      1 19974886274
      1 20019917122
      1 20049970043
      1 20060693818
      1 20066344116
      1 20072887544
      1 20087732445
      1 20123643296
      1 20149181326
      1 20149928556
      1 20165929651
      1 20183485037
      1 20212461286
      1 20237618532
      1 20281838344
      1 20310425582
      1 20316480923
      1 20341431903
      1 20352825531
      1 20354385741
      1 20371063009
      1 20375525950
      1 20380407016
      1 20390501317
      1 20390833039
      1 20400959014
      1 20439082541
      1 20517852953
      1 20637369363
      1 20679522581
      1 20692775082
      1 21019593534
