12785912190
17867681949
15727985114
15858068815
16675071189
19379632226
19047934698
14298329690
18760985228
14512379749
19323748589
19578612027
16244178459
15246614455
15822637982
18759853755
16634785199
13136397343
17969204932
16595837327
14560993989
15086683484
18203019729
18648806425
18851421390
18423770783
17371231051
20352825531
19861535520
20149928556
20679522581
13290207224
19210774562
13092537443
15009925651
14343878271
16020641511
17655242792
13128922340
18497615833
16451092151
18711299287
15858629223
15886817333
19199636636
18155300753
16529416988
17503598178
19606498313
15782173086
16242874772
16271902764
19974886274
19653470407
16535014348
14972729511
15442297463
16288706098
17874719333
18060081438
17569899157
17205867471
19530856597
17925915719
18851421390
16785128609
18651312270
19650929112
17440522349
14830086050
19971184328
19529337612
16485752912
13474195770
17893448133
17361141448
15992837433
13964284293
18917012992
19517935818
17919961740
19661054591
16043439240
18604577897
16740066766
18431388580
19698913161
18308547079
18188148099
17331163844
15278342880
19696986582
17385256800
15842311964
18544935510
16105795760
15863357197
18379859145
14976410296
16922150969
17568563119
17299696342
18851421390
14630092839
14545766991
15924780196
17839773239
11560656644
16234829064
16770156684
15774082895
16247072458
17226749381
16912933995
17885278845
19066521983
16142468148
17501348246
15871564905
16427118559
18016860361
19197347316
16152091436
14318306334
17608510675
18785828148
17748206804
16699067331
16094196982
17632159778
18409480287
18628528310
20390833039
16082397976
16630727468
13414136011
18470772903
19836506116
17931917911
17946362620
14076699788
16212801121
21019593534
16536953399
15954461299
18362855298
18851421390
18676342619
14185265056
16066808373
16983623522
17116205328
19301190441
15803921669
20637369363
19917491533
16100409200
16550849689
18831540588
14871637797
20316480923
17054366965
16447508685
18554264798
19784566551
16050125713
13112478614
16312152319
16571626080
17668405613
15914529889
16048749583
19163499705
19376891538
16079342475
15700711838
16318818983
19545939935
16841186081
16375714386
15919447104
14487604184
14879761838
15189599416
16457390492
18715378303
16987505940
14882282999
16159672087
19370087889
16216228743
16058173562
15805931783
18917561217
13237110814
17955715527
19431160356
20400959014
20375525950
17010616817
16735982314
18851421390
15619554185
16366590292
16053680857
13309978677
20066344116
14216683145
15813610355
19963652844
15916730387
18661494207
17742009469
19339893129
19024860062
19505169181
15611081128
19648036107
17841380186
16021410194
16610907862
18203386352
18851421390
19239325994
18941909320
19275303281
16670615885
16705318465
20212461286
17843933413
16368236486
13858590610
20149181326
16963940724
18616422076
16234976380
13162696250
17662758919
13196434460
16554266988
17476187611
18429879633
16233429043
18526742295
16204735340
19337986328
16443574577
18526873310
13994313999
16812882088
16557496414
15229740362
20123643296
15951147783
18601219755
15616961991
13194308849
14379229888
19954996269
14968478536
14924079377
19453177395
18947117418
17596787856
20183485037
15774590207
17913620280
14186015846
16305394453
19680270402
18548454211
18491226590
15889027622
17943519814
14568330072
14984944329
18851421390
15987184332
16873090096
20354385741
18738334714
20517852953
16312126520
13979311301
15763933604
16436572481
15964856227
16592880212
19169442302
15732885091
15516289877
15386482697
15723756281
16966924034
16001761110
18864084015
18807989747
16248383278
17084117356
16814535380
15241813234
14297065273
19393235905
17525862494
13702378444
20310425582
19172890200
15536076569
20087732445
19533795820
16568560610
16868984257
15714891488
15702835563
15745529797
15968036714
16726076787
18045747479
15352203629
16463701671
19420947183
16536047772
14491158668
16032979665
13147486454
18675407515
16058617269
18851421390
18640697204
18803197694
20019917122
15992580422
18356352690
20692775082
17846117095
16029272652
18640695503
15465311559
14781384389
18971214707
16836448912
16948497645
20237618532
17221834448
20439082541
14696258913
18347636602
15369340276
17268547807
18640697103
17153901155
16106877363
13132492216
18102680340
18384563509
16678700916
18916345509
18284956218
15154032018
20371063009
15737340175
16772426394
17799132533
18851421390
14496718301
20060693818
19898852484
18818367017
16744228483
17290209563
16740213753
18569671539
14183794982
16560193064
18851421390
17804976311
16277393496
18851421390
16630952879
16291499797
13372756161
15341585961
16825979023
14124632824
20380407016
16043315424
18632113964
13232700507
15432332029
20049970043
16748686432
16509244266
17429861303
16997466457
17223939977
15913006246
16642419978
16422663559
14343883163
19310045736
18529504092
13272306729
18439039999
20072887544
17630412552
18851421390
16172734666
16768592637
16229392878
16610292043
20281838344
19040614746
16641740774
19770046398
15988505937
15462292970
14320391014
16608640276
17548897540
20341431903
16529671398
19676130410
19252539485
15407811553
15575985221
16551395580
15860351271
15887909242
16949429128
18058783908
19947590654
17165311453
14713875982
16466458905
18202460636
18092731176
16039459270
13041865223
18411408245
15987685455
18760984024
17165312253
18631596096
19183793010
15849917530
17482031667
17969170335
14540977979
19283965020
13091779967
16984474031
14312914226
16870799733
18275305277
16991190311
18590679730
20390501317
17643884614
19057730082
15028021109
15466558497
16161811243
20165929651
19552055686
14193691978
18782996760
16585644108
16454619988
17932365398
17479643828
16003548120
16595743318
17664877634
15016038110
17123741242
17685990142
19542750698
19971235117
15696896650
16558668220
19052349870
14853611373
15369507690
18738453823
17852791420
17925915719
18851421390
